image_width: 1920
image_height: 1080
camera_name: camera
camera_matrix:
  rows: 3
  cols: 3
  data: [1073.165960, 0.000000, 932.938548, 0.000000, 1070.815281, 607.165445, 0.000000, 0.000000, 1.000000]
distortion_model: plumb_bob
distortion_coefficients:
  rows: 1
  cols: 5
  data: [-0.305834, 0.069376, -0.003007, -0.001298, 0.000000]
rectification_matrix:
  rows: 3
  cols: 3
  data: [1.000000, 0.000000, 0.000000, 0.000000, 1.000000, 0.000000, 0.000000, 0.000000, 1.000000]
projection_matrix:
  rows: 3
  cols: 4
  data: [735.140869, 0.000000, 913.372968, 0.000000, 0.000000, 973.561951, 617.762048, 0.000000, 0.000000, 0.000000, 1.000000, 0.000000]
