image_width: 1920
image_height: 1080
camera_name: camera
camera_matrix:
  rows: 3
  cols: 3
  data: [979.532873, 0.000000, 960.484420, 0.000000, 982.778415, 528.807332, 0.000000, 0.000000, 1.000000]
distortion_model: plumb_bob
distortion_coefficients:
  rows: 1
  cols: 5
  data: [-0.278434, 0.061694, 0.001579, 0.002266, 0.000000]
rectification_matrix:
  rows: 3
  cols: 3
  data: [1.000000, 0.000000, 0.000000, 0.000000, 1.000000, 0.000000, 0.000000, 0.000000, 1.000000]
projection_matrix:
  rows: 3
  cols: 4
  data: [682.614807, 0.000000, 971.459725, 0.000000, 0.000000, 890.354187, 528.307678, 0.000000, 0.000000, 0.000000, 1.000000, 0.000000]